"[-0.9999999754175771, -0.9999999899308166, -1.0001060684351628, -1.0008249634949462]","[-0.9999999899308166, -0.9999999908037599, -0.9999926840638066, -0.9990075635820163]","[-1.0001060684351628, -0.9999926840638066, 0.9853672983654937, 15.59093635208065]","[-1.0008249634949462, -0.9990075635820163, 15.59093635208065, 3140.060405658464]"
"[-0.9999998211954796, -1.0000000006363285, -1.0002509782652427, -1.003441718788485]","[-1.0000000006363285, -0.9999999993929565, -0.9999917109495353, -1.0000147113286626]","[-1.0002509782652427, -0.9999917109495353, 0.91289443001374, 2.757864071499753]","[-1.003441718788485, -1.0000147113286626, 2.757864071499753, 133.9917431535849]"
"[-0.9999997185255846, -0.9999999996518747, -1.0002220931188652, -1.0024240973680953]","[-0.9999999996518747, -0.9999999995678732, -0.9999995906079722, -1.0000088091973807]","[-1.0002220931188652, -0.9999995906079722, 0.32256175734214976, 0.4448513311683415]","[-1.0024240973680953, -1.0000088091973807, 0.4448513311683415, 63.946009327207335]"
"[-0.9999996558137614, -1.0000000003684126, -1.0002342961856903, -1.001015621881204]","[-1.0000000003684126, -0.9999999994676689, -0.9999985286065296, -1.000002749480976]","[-1.0002342961856903, -0.9999985286065296, 0.2333028304029312, -0.9413997375161635]","[-1.001015621881204, -1.000002749480976, -0.9413997375161635, 41.8492604014464]"
"[-0.9999996418889828, -1.0000000007472034, -1.000230625951672, -0.9997312197239725]","[-1.0000000007472034, -0.9999999995822727, -0.9999989489964571, -0.9999920227243672]","[-1.000230625951672, -0.9999989489964571, 0.18541363138983225, -2.081495472280574]","[-0.9997312197239725, -0.9999920227243672, -2.081495472280574, 37.78959703142147]"
"[-0.9999996752292782, -1.0000000008116805, -1.0001948725155332, -0.9981823854851305]","[-1.0000000008116805, -0.9999999994887983, -0.9999987028515632, -1.0000033429100919]","[-1.0001948725155332, -0.9999987028515632, 0.12848993913805185, -2.8610417800446823]","[-0.9981823854851305, -1.0000033429100919, -2.8610417800446823, 43.038102662202114]"
"[-0.9999997547932972, -1.0000000002362421, -1.000129599666274, -0.997224322774046]","[-1.0000000002362421, -0.999999999521147, -1.0000001706523902, -1.0000047321639187]","[-1.000129599666274, -1.0000001706523902, 0.21612021282324356, -3.132414638754526]","[-0.997224322774046, -1.0000047321639187, -3.132414638754526, 62.426661502579975]"
"[-0.9999998448409474, -1.0000000002623166, -0.9999676333337606, -0.9974414995109081]","[-1.0000000002623166, -0.9999999990245284, -1.000015076570689, -1.0000123202010671]","[-0.9999676333337606, -1.000015076570689, 0.9763274614885644, -0.45977236151730183]","[-0.9974414995109081, -1.0000123202010671, -0.45977236151730183, 71.89187259453008]"
"[-0.9999999191054164, -1.000000001387662, -0.999806186050601, -0.9984735854389569]","[-1.000000001387662, -0.9999999990202011, -1.0000191595410737, -1.0000342273755363]","[-0.999806186050601, -1.0000191595410737, 3.9359698045927463, 4.190945729126092]","[-0.9984735854389569, -1.0000342273755363, 4.190945729126092, 58.39542287636801]"
"[-0.9999999569058905, -0.9999999998493773, -0.999849599722917, -0.999313269381131]","[-0.9999999998493773, -0.9999999995715417, -1.0000113921272586, -0.9999923253667801]","[-0.999849599722917, -1.0000113921272586, 6.247332221474394, 3.2099821521985854]","[-0.999313269381131, -0.9999923253667801, 3.2099821521985854, 35.310106486148314]"
"[-0.9999999721615956, -1.0000000002192295, -0.9998710203159924, -0.9997285229423358]","[-1.0000000002192295, -0.9999999981332265, -1.000024709580296, -0.999988385376014]","[-0.9998710203159924, -1.000024709580296, 8.607848462198094, 1.45011876847169]","[-0.9997285229423358, -0.999988385376014, 1.45011876847169, 20.752167330261393]"
"[-0.9999999782046921, -1.0000000019865851, -0.9998550603612191, -0.9998834503530462]","[-1.0000000019865851, -0.9999999947119395, -1.0000319071679182, -0.9999980026801588]","[-0.9998550603612191, -1.0000319071679182, 8.277769362634041, 0.031147000399253555]","[-0.9998834503530462, -0.9999980026801588, 0.031147000399253555, 12.825580287967647]"
"[-0.999999984212728, -1.0000000005839127, -0.9999339939287933, -0.9998565342558385]","[-1.0000000005839127, -0.999999995168223, -0.9999699231825517, -0.999973026613512]","[-0.9999339939287933, -0.9999699231825517, 3.2840632638109923, -0.07577561312543346]","[-0.9998565342558385, -0.999973026613512, -0.07577561312543346, 8.607905424953056]"
"[-0.9999999919429887, -1.0000000001987044, -0.9999981637065384, -0.9998035915268648]","[-1.0000000001987044, -0.9999999975378553, -0.9999902148855491, -1.0000135962470638]","[-0.9999981637065384, -0.9999902148855491, -0.274272329328201, -1.1694634098034817]","[-0.9998035915268648, -1.0000135962470638, -1.1694634098034817, 10.22197586670106]"
"[-0.9999999967768717, -1.0000000002732448, -0.9999963007033699, -0.9999349846719967]","[-1.0000000002732448, -0.9999999995172824, -1.0000010480560462, -1.0000106267887885]","[-0.9999963007033699, -1.0000010480560462, -0.537085816548184, -1.0132760202725748]","[-0.9999349846719967, -1.0000106267887885, -1.0132760202725748, 4.513094627288653]"
"[-0.9999999981273393, -1.0000000001259477, -0.9999979762715063, -0.999982377989439]","[-1.0000000001259477, -0.9999999995637469, -1.000000460233548, -1.000001759301937]","[-0.9999979762715063, -1.000000460233548, -0.5684036437163966, -0.955703942502029]","[-0.999982377989439, -1.000001759301937, -0.955703942502029, 1.5102466706348867]"
"[-0.999999998193002, -1.0000000002509464, -0.9999998958779777, -1.000013398027923]","[-1.0000000002509464, -0.9999999987342642, -1.0000023005007888, -0.9999980076573508]","[-0.9999998958779777, -1.0000023005007888, -0.5959542549016162, -0.7567597924421203]","[-1.000013398027923, -0.9999980076573508, -0.7567597924421203, 2.2423668720704915]"
"[-0.9999999977058963, -1.0000000005608747, -1.0000027666112825, -1.0000034693695485]","[-1.0000000005608747, -0.9999999967317901, -0.9999991630705611, -0.9999961960529736]","[-1.0000027666112825, -0.9999991630705611, -0.6045373544015825, -1.0433274242603527]","[-1.0000034693695485, -0.9999961960529736, -1.0433274242603527, 1.7576748960111357]"
"[-0.9999999981595094, -1.000000000073503, -0.9999999430028989, -0.999977909808693]","[-1.000000000073503, -0.9999999990554772, -1.00000149918585, -1.000001416098613]","[-0.9999999430028989, -1.00000149918585, -0.5702765118705726, -1.1986830790126486]","[-0.999977909808693, -1.000001416098613, -1.1986830790126486, 1.8972819281719753]"
"[-0.9999999991439471, -1.0000000015243766, -0.9999899951823208, -0.999612953671608]","[-1.0000000015243766, -0.9999999876027793, -1.0000779359825493, -1.000766948870589]","[-0.9999899951823208, -1.0000779359825493, 0.11181609207544208, 12.302224625524278]","[-0.999612953671608, -1.000766948870589, 12.302224625524278, 795.5725574500887]"
